42
D.rerio_fig4b_polyphosphoinositide_phosphatase                    0.0000000 6.6265055 0.5719191 0.5670423 0.5615555 0.5464587 0.5490822 0.5944730 0.6312317 0.5889657 0.4975248 0.4111006 6.9982742 7.3226344 7.2607107 7.2861066 6.8575239 7.3060073 5.9538240 5.5712351 5.3125591 5.2496740 5.3861249 5.4793164 5.5408792 5.4392671 5.1856314 5.7981845 5.4298724 5.8361849 5.3335029 5.3335029 5.7897013 5.7870835 8.6982174 8.4064450 8.6121829 8.8082148 7.9389906 8.2038054 7.2814566 7.6654160 
D.rerio_fig4a_polyphosphoinositide_phosphatase_isoform_X1         6.6265055 0.0000000 0.5655081 0.5393452 0.5414975 0.5463759 0.5665325 0.5558860 0.5652347 0.6346456 0.3690480 0.3224003 8.9999987 8.9999989 8.9999985 8.9999986 8.9999987 8.9999987 7.6900424 7.5594471 7.7330244 8.0642182 7.9139498 7.7702872 7.7202776 7.2370066 7.1936797 6.8016266 7.4303646 7.4367966 7.3099133 7.4042478 6.8961068 7.0390358 7.0537980 6.9076013 7.0362184 7.1245171 7.5351558 7.4858744 7.5625293 7.1290250 
E.caballus_FIG4_polyphosphoinositide_phosphatase                  0.5719191 0.5655081 0.0000000 0.0177841 0.0326974 0.1100148 0.1198814 0.1226381 0.3236545 0.2037656 0.4031704 0.3836704 7.4118340 7.1561819 7.3440677 7.2070978 7.4561793 7.5405646 5.4287302 5.3055423 5.2457666 5.2894455 5.1983275 5.2708006 5.1915893 5.0802190 4.9762732 4.9614666 5.0506950 5.3185914 5.1045289 5.1356631 5.0405743 5.0397833 6.0694124 6.0164248 6.1903300 6.1563630 6.1265776 6.1416369 6.2668690 5.9519005 
F.catus_FIG4_polyphosphoinositide_phosphatase_isoform_X1          0.5670423 0.5393452 0.0177841 0.0000000 0.0200314 0.0997341 0.1063880 0.1160738 0.3198308 0.1926483 0.3988468 0.3773662 7.3681197 7.1046419 7.2927526 7.1750530 7.4118961 7.4961740 5.4364165 5.1980945 5.1395529 5.1790917 5.0923351 5.2617821 5.1423104 5.0449850 4.8939790 4.8585307 5.0182331 5.2608216 5.0794295 5.1103360 4.9359420 4.9781595 6.1868944 6.0532792 6.2135169 6.1792053 6.1897421 6.1984747 6.3358196 6.0184261 
H.sapiens_FIG4_polyphosphoinositide_phosphatase                   0.5615555 0.5414975 0.0326974 0.0200314 0.0000000 0.1135123 0.1185409 0.1234054 0.3215993 0.2062108 0.4105982 0.3860360 7.4267213 7.2017502 7.3918593 7.2278002 7.4717979 7.5572478 5.4720874 5.2091680 5.1504224 5.2191602 5.1118498 5.2511464 5.1325046 5.0305301 4.9087373 4.9002974 5.0148405 5.2709535 5.0607312 5.0915445 4.9780360 4.9772960 6.2916839 6.1366016 6.3261723 6.2647025 6.3523786 6.3613384 6.3485037 6.1056965 
C.mydas_FIG4_polyphosphoinositide_phosphatase_isoform_X1          0.5464587 0.5463759 0.1100148 0.0997341 0.1135123 0.0000000 0.0775722 0.0954865 0.3248220 0.1859496 0.4086661 0.3662051 7.3235086 7.1757649 7.3648986 7.2322327 7.4733436 7.5683867 5.4752600 5.3277404 5.2565712 5.2457636 5.2455624 5.3216913 5.1900925 5.0889468 5.0029008 4.9423012 5.0680016 5.3699136 5.1419019 5.1682296 5.0220032 5.0797294 6.2125014 6.0856315 6.3523491 6.2808469 6.2742239 6.2439101 6.4788618 6.1180275 
G.gallus_FIG4_polyphosphoinositide_phosphatase                    0.5490822 0.5665325 0.1198814 0.1063880 0.1185409 0.0775722 0.0000000 0.0994162 0.3152049 0.1936498 0.4060605 0.3754310 7.2713007 7.1212623 7.3078753 7.1336811 7.3392936 7.4310832 5.3166046 5.1367061 5.0783566 5.1527585 5.0368310 5.2601582 5.0414728 4.9452735 4.7765909 4.7582962 4.9045624 5.2313183 5.0370330 5.0632704 4.8319369 4.9067736 6.0633138 5.9469601 6.1876124 6.1205739 6.1820360 6.1796192 6.3135904 5.9094736 
S.townsendi_FIG4_polyphosphoinositide_phosphatase                 0.5944730 0.5558860 0.1226381 0.1160738 0.1234054 0.0954865 0.0994162 0.0000000 0.3301751 0.1939413 0.4024023 0.3807726 7.1939748 7.1552431 7.3313733 7.1553760 7.2852823 7.3108262 5.2555539 5.1713042 5.0767716 5.0787251 5.0445743 5.1406560 4.9925520 4.9282905 4.7477534 4.7828118 4.8834874 5.1354187 4.9987153 5.0240864 4.8608603 4.9074365 6.0375092 5.9065183 6.1022626 6.0208196 6.0718093 6.0460342 6.3040390 5.8935629 
C.carcharias_fig4a_polyphosphoinositide_phosphatase_isoform_X1    0.6312317 0.5652347 0.3236545 0.3198308 0.3215993 0.3248220 0.3152049 0.3301751 0.0000000 0.3556428 0.4550239 0.4038378 7.5161966 7.1753973 7.3543759 7.2583882 7.5310463 7.6076888 5.2769978 4.9923709 4.9604149 5.1483438 4.9336896 5.0834393 5.0618191 4.9214804 4.7709595 4.7622448 4.8250012 5.0945055 4.9797700 4.9821782 4.8299524 4.8565291 6.2513295 6.1212726 6.2114294 6.1720346 6.2814962 6.2974203 6.2969763 6.0670953 
X.laevis_fig4.L_polyphosphoinositide_phosphatase_isoform_X2       0.5889657 0.6346456 0.2037656 0.1926483 0.2062108 0.1859496 0.1936498 0.1939413 0.3556428 0.0000000 0.4412236 0.4242917 7.2958430 7.0453738 7.2322624 7.1305978 7.3849555 7.3822500 5.4152509 5.3081150 5.2365287 5.2719760 5.2003610 5.3044260 5.2227678 5.1282400 4.9370479 4.9339811 5.1306439 5.4192960 5.1785698 5.2049808 4.9939712 4.9975153 6.2321248 6.1245863 6.2792886 6.2490972 6.2870907 6.2395272 6.2774824 6.0442648 
G.aculeatus_fig4a_polyphosphoinositide_phosphatase_isoform_X1     0.4975248 0.3690480 0.4031704 0.3988468 0.4105982 0.4086661 0.4060605 0.4024023 0.4550239 0.4412236 0.0000000 0.1766071 7.4074767 7.1236255 7.3020721 7.1907913 7.5171349 7.5716633 5.6560157 5.4852914 5.5198011 5.4893788 5.4280698 5.4280113 5.3775502 5.2792144 5.0827112 5.1862612 5.3475267 5.4782887 5.3384512 5.3366578 5.2986644 5.3562608 6.7868898 6.6410193 6.8994543 6.8105939 6.9878977 7.0740240 6.8335829 6.7271445 
S.salar_fig4a_polyphosphoinositide_phosphatase                    0.4111006 0.3224003 0.3836704 0.3773662 0.3860360 0.3662051 0.3754310 0.3807726 0.4038378 0.4242917 0.1766071 0.0000000 7.2273464 7.0290388 7.2047121 7.0942318 7.3641478 7.3847929 5.4759813 5.2245539 5.2405274 5.2919241 5.2402579 5.3067992 5.1734997 5.0584215 4.8187832 5.0548455 5.0825921 5.3621862 5.1211037 5.1470274 5.1323032 5.1738972 6.2571316 6.0451796 6.3667036 6.2681701 6.3674301 6.3745560 6.1282292 6.1439228 
S.townsendi_SYNJ1_LOW_QUALITY_PROTEIN_synaptojanin1               6.9982742 8.9999987 7.4118340 7.3681197 7.4267213 7.3235086 7.2713007 7.1939748 7.5161966 7.2958430 7.4074767 7.2273464 0.0000000 0.3696296 0.3706512 0.3723338 0.2718000 0.3176398 4.8372037 4.5404995 4.3082104 4.6584419 4.3750037 4.4968093 4.4004125 4.3917032 4.3559158 4.3331245 4.3631340 4.4210934 4.5000936 4.4859260 4.3637997 4.3664075 5.9827603 6.1269682 5.9283581 5.9690485 5.8686346 5.8681915 5.9953500 5.9813457 
F.catus_SYNJ1_synaptojanin1_isoform_X1                            7.3226344 8.9999989 7.1561819 7.1046419 7.2017502 7.1757649 7.1212623 7.1552431 7.1753973 7.0453738 7.1236255 7.0290388 0.3696296 0.0000000 0.0625554 0.0785862 0.2502455 0.2562734 4.7458298 4.5747098 4.3622921 4.7224018 4.4005880 4.5417142 4.4710474 4.4549939 4.4148120 4.3217544 4.4822781 4.5740557 4.6245703 4.6112780 4.3773351 4.3744301 5.7462557 5.8901670 5.7543736 5.6759895 5.3429089 5.4642339 5.6874971 5.7046898 
E.caballus_SYNJ1_synaptojanin1_isoform_X8                         7.2607107 8.9999985 7.3440677 7.2927526 7.3918593 7.3648986 7.3078753 7.3313733 7.3543759 7.2322624 7.3020721 7.2047121 0.3706512 0.0625554 0.0000000 0.0809613 0.2598362 0.2546255 4.7427267 4.5183392 4.3089381 4.6762594 4.3470472 4.5330762 4.4163402 4.4005041 4.3721512 4.2719082 4.4277139 4.5343308 4.5593325 4.5462925 4.3258119 4.3324920 5.6574376 5.7975172 5.6891215 5.6162903 5.4014477 5.4943627 5.7141775 5.7301522 
H.sapiens_SYNJ1_synaptojanin1_isoform_X8                          7.2861066 8.9999986 7.2070978 7.1750530 7.2278002 7.2322327 7.1336811 7.1553760 7.2583882 7.1305978 7.1907913 7.0942318 0.3723338 0.0785862 0.0809613 0.0000000 0.2727626 0.2629698 4.6978983 4.5257097 4.3132992 4.7035752 4.3530072 4.4879332 4.4396208 4.4235927 4.3713609 4.2785302 4.4303222 4.5377199 4.5719135 4.5587453 4.3339478 4.3232573 5.6115092 5.7671195 5.5763275 5.5426355 5.3923024 5.4594406 5.7029501 5.7002901 
C.mydas_SYNJ1_synaptojanin1_isoform_X1                            6.8575239 8.9999987 7.4561793 7.4118961 7.4717979 7.4733436 7.3392936 7.2852823 7.5310463 7.3849555 7.5171349 7.3641478 0.2718000 0.2502455 0.2598362 0.2727626 0.0000000 0.1610549 4.6616417 4.4835950 4.3072093 4.6707581 4.3507096 4.4340779 4.3034552 4.2864900 4.3436698 4.2766218 4.3355308 4.4332524 4.5098203 4.5099964 4.3075098 4.3096103 5.7642729 5.9741279 5.7879961 5.7852056 5.5498897 5.7101631 5.8414189 5.8372586 
G.gallus_SYNJ1_synaptojanin1_isoform_X8                           7.3060073 8.9999987 7.5405646 7.4961740 7.5572478 7.5683867 7.4310832 7.3108262 7.6076888 7.3822500 7.5716633 7.3847929 0.3176398 0.2562734 0.2546255 0.2629698 0.1610549 0.0000000 4.7650980 4.4589074 4.2703076 4.6543380 4.3255341 4.4773750 4.3867645 4.3710322 4.3036201 4.1902049 4.3817583 4.3788200 4.5153860 4.5025880 4.2412572 4.2723013 5.6396498 5.7246845 5.5909301 5.6505503 5.4031095 5.5099512 5.7608150 5.6797095 
G.aculeatus_sacm1la_phosphatidylinositol3phosphatase_SAC1A_isofor 5.9538240 7.6900424 5.4287302 5.4364165 5.4720874 5.4752600 5.3166046 5.2555539 5.2769978 5.4152509 5.6560157 5.4759813 4.8372037 4.7458298 4.7427267 4.6978983 4.6616417 4.7650980 0.0000000 0.3935844 0.3921260 0.4053888 0.4042057 0.2826669 0.2077174 0.2124259 0.3803927 0.4104460 0.3150282 0.3903048 0.3196801 0.3146634 0.4027029 0.4086609 3.5219740 3.4084973 3.5678982 3.6093803 3.2475095 3.3510337 3.3556096 3.3008967 
S.townsendi_SACM1L_phosphatidylinositol3phosphatase_SAC1          5.5712351 7.5594471 5.3055423 5.1980945 5.2091680 5.3277404 5.1367061 5.1713042 4.9923709 5.3081150 5.4852914 5.2245539 4.5404995 4.5747098 4.5183392 4.5257097 4.4835950 4.4589074 0.3935844 0.0000000 0.0929570 0.2304982 0.0986262 0.3326567 0.3427804 0.3374442 0.1742722 0.1897247 0.2604088 0.3144153 0.2563277 0.2563940 0.1749432 0.1873195 3.4673561 3.3190578 3.4762297 3.4235478 3.1145026 3.1749770 3.2484685 3.1685891 
C.mydas_SACM1L_phosphatidylinositol3phosphatase_SAC1_isoform_X1   5.3125591 7.7330244 5.2457666 5.1395529 5.1504224 5.2565712 5.0783566 5.0767716 4.9604149 5.2365287 5.5198011 5.2405274 4.3082104 4.3622921 4.3089381 4.3132992 4.3072093 4.2703076 0.3921260 0.0929570 0.0000000 0.2324577 0.0685013 0.3164031 0.3310563 0.3275914 0.1537524 0.1640676 0.2367906 0.3241964 0.2588398 0.2589050 0.1623718 0.1503229 3.3383409 3.2073031 3.2991685 3.2839008 2.9978715 3.0395221 3.1085229 3.0370787 
C.carcharias_LOC121276208_phosphatidylinositol3phosphatase_SAC1li 5.2496740 8.0642182 5.2894455 5.1790917 5.2191602 5.2457636 5.1527585 5.0787251 5.1483438 5.2719760 5.4893788 5.2919241 4.6584419 4.7224018 4.6762594 4.7035752 4.6707581 4.6543380 0.4053888 0.2304982 0.2324577 0.0000000 0.2460483 0.3346583 0.3424235 0.3332920 0.2633555 0.3177146 0.2641846 0.3493359 0.2530587 0.2481995 0.3134127 0.2976716 3.2538154 3.1356926 3.2824403 3.2604073 2.9929665 3.0486359 3.0744167 3.0156476 
G.gallus_SACM1L_phosphatidylinositol3phosphatase_SAC1_isoform_1x  5.3861249 7.9139498 5.1983275 5.0923351 5.1118498 5.2455624 5.0368310 5.0445743 4.9336896 5.2003610 5.4280698 5.2402579 4.3750037 4.4005880 4.3470472 4.3530072 4.3507096 4.3255341 0.4042057 0.0986262 0.0685013 0.2460483 0.0000000 0.3117624 0.3211435 0.3212240 0.1983079 0.1786403 0.2375278 0.3098157 0.2521475 0.2522145 0.1664918 0.1810339 3.4165276 3.3139107 3.4608728 3.4166726 3.0957587 3.1385452 3.2332674 3.1571289 
D.rerio_sacm1la_phosphatidylinositide_phosphatase_SAC1B           5.4793164 7.7702872 5.2708006 5.2617821 5.2511464 5.3216913 5.2601582 5.1406560 5.0834393 5.3044260 5.4280113 5.3067992 4.4968093 4.5417142 4.5330762 4.4879332 4.4340779 4.4773750 0.2826669 0.3326567 0.3164031 0.3346583 0.3117624 0.0000000 0.2149085 0.2145792 0.3267199 0.3240604 0.2400159 0.2801458 0.2397952 0.2398634 0.3444713 0.3289277 3.3175401 3.2346399 3.4095168 3.4060772 3.1132217 3.2090214 3.2139489 3.0878472 
S.salar_sacm1la_phosphatidylinositol3phosphatase_SAC1A            5.5408792 7.7202776 5.1915893 5.1423104 5.1325046 5.1900925 5.0414728 4.9925520 5.0618191 5.2227678 5.3775502 5.1734997 4.4004125 4.4710474 4.4163402 4.4396208 4.3034552 4.3867645 0.2077174 0.3427804 0.3310563 0.3424235 0.3211435 0.2149085 0.0000000 0.0405983 0.3106967 0.3525849 0.2634020 0.3114465 0.2569257 0.2513020 0.3586264 0.3623702 3.4066428 3.3203639 3.5110524 3.4071381 3.1816133 3.2635595 3.1774724 3.1509701 
S.salar_LOC106570660_phosphatidylinositol3phosphatase_SAC1A       5.4392671 7.2370066 5.0802190 5.0449850 5.0305301 5.0889468 4.9452735 4.9282905 4.9214804 5.1282400 5.2792144 5.0584215 4.3917032 4.4549939 4.4005041 4.4235927 4.2864900 4.3710322 0.2124259 0.3374442 0.3275914 0.3332920 0.3212240 0.2145792 0.0405983 0.0000000 0.3071586 0.3488233 0.2531695 0.3019246 0.2432684 0.2400329 0.3570738 0.3542598 3.2876816 3.2178073 3.3959145 3.3657807 3.0932132 3.1727105 3.0885822 3.0583566 
X.laevis_sacm1l.L_phosphatidylinositol3phosphatase_SAC1_isoform_1 5.1856314 7.1936797 4.9762732 4.8939790 4.9087373 5.0029008 4.7765909 4.7477534 4.7709595 4.9370479 5.0827112 4.8187832 4.3559158 4.4148120 4.3721512 4.3713609 4.3436698 4.3036201 0.3803927 0.1742722 0.1537524 0.2633555 0.1983079 0.3267199 0.3106967 0.3071586 0.0000000 0.2310414 0.2500964 0.3158275 0.2739777 0.2740404 0.2195285 0.2506450 3.2259609 3.1275326 3.2887434 3.2141259 2.9995544 3.0411020 3.0430727 2.9690119 
F.catus_SACM1L_phosphatidylinositol3phosphatase_SAC1_isoform_X1   5.7981845 6.8016266 4.9614666 4.8585307 4.9002974 4.9423012 4.7582962 4.7828118 4.7622448 4.9339811 5.1862612 5.0548455 4.3331245 4.3217544 4.2719082 4.2785302 4.2766218 4.1902049 0.4104460 0.1897247 0.1640676 0.3177146 0.1786403 0.3240604 0.3525849 0.3488233 0.2310414 0.0000000 0.2992664 0.3814269 0.3241894 0.3242393 0.0328606 0.0531924 3.1588571 3.0771332 3.1372721 3.1586046 2.9203101 2.9786307 3.0507425 3.0209621 
D.rerio_sacm1lb_phosphatidylinositide_phosphatase_SAC1A           5.4298724 7.4303646 5.0506950 5.0182331 5.0148405 5.0680016 4.9045624 4.8834874 4.8250012 5.1306439 5.3475267 5.0825921 4.3631340 4.4822781 4.4277139 4.4303222 4.3355308 4.3817583 0.3150282 0.2604088 0.2367906 0.2641846 0.2375278 0.2400159 0.2634020 0.2531695 0.2500964 0.2992664 0.0000000 0.1888527 0.1325493 0.1280611 0.3143625 0.2905068 3.3286051 3.2436086 3.3616779 3.3620490 3.1043515 3.1807218 3.1736968 3.0694803 
G.aculeatus_LOC120810060_phosphatidylinositol3phosphatase_SAC1B   5.8361849 7.4367966 5.3185914 5.2608216 5.2709535 5.3699136 5.2313183 5.1354187 5.0945055 5.4192960 5.4782887 5.3621862 4.4210934 4.5740557 4.5343308 4.5377199 4.4332524 4.3788200 0.3903048 0.3144153 0.3241964 0.3493359 0.3098157 0.2801458 0.3114465 0.3019246 0.3158275 0.3814269 0.1888527 0.0000000 0.1927702 0.1877949 0.3770133 0.3694812 3.5484577 3.4426757 3.6102687 3.5637273 3.2918602 3.3757005 3.4588543 3.2022998 
S.salar_LOC106605518_phosphatidylinositol3phosphatase_SAC1Blike   5.3335029 7.3099133 5.1045289 5.0794295 5.0607312 5.1419019 5.0370330 4.9987153 4.9797700 5.1785698 5.3384512 5.1211037 4.5000936 4.6245703 4.5593325 4.5719135 4.5098203 4.5153860 0.3196801 0.2563277 0.2588398 0.2530587 0.2521475 0.2397952 0.2569257 0.2432684 0.2739777 0.3241894 0.1325493 0.1927702 0.0000000 0.0033466 0.3213118 0.3046881 3.4378989 3.3867182 3.5046826 3.4877506 3.1800390 3.2681244 3.2917469 3.2099455 
S.salar_LOC106579366_phosphatidylinositol3phosphatase_SAC1B       5.3335029 7.4042478 5.1356631 5.1103360 5.0915445 5.1682296 5.0632704 5.0240864 4.9821782 5.2049808 5.3366578 5.1470274 4.4859260 4.6112780 4.5462925 4.5587453 4.5099964 4.5025880 0.3146634 0.2563940 0.2589050 0.2481995 0.2522145 0.2398634 0.2513020 0.2400329 0.2740404 0.3242393 0.1280611 0.1877949 0.0033466 0.0000000 0.3213628 0.3047439 3.4185224 3.3633279 3.4848249 3.4680019 3.1704574 3.2582306 3.2817546 3.2002742 
E.caballus_SACM1L_phosphatidylinositide_phosphatase_SAC1_isoform_ 5.7897013 6.8961068 5.0405743 4.9359420 4.9780360 5.0220032 4.8319369 4.8608603 4.8299524 4.9939712 5.2986644 5.1323032 4.3637997 4.3773351 4.3258119 4.3339478 4.3075098 4.2412572 0.4027029 0.1749432 0.1623718 0.3134127 0.1664918 0.3444713 0.3586264 0.3570738 0.2195285 0.0328606 0.3143625 0.3770133 0.3213118 0.3213628 0.0000000 0.0467421 3.1515337 3.0651660 3.1373521 3.1681581 2.9213684 2.9797041 3.0588609 3.0232576 
H.sapiens_SACM1L_phosphatidylinositol3phosphatase_SAC1_isoform_1x 5.7870835 7.0390358 5.0397833 4.9781595 4.9772960 5.0797294 4.9067736 4.9074365 4.8565291 4.9975153 5.3562608 5.1738972 4.3664075 4.3744301 4.3324920 4.3232573 4.3096103 4.2723013 0.4086609 0.1873195 0.1503229 0.2976716 0.1810339 0.3289277 0.3623702 0.3542598 0.2506450 0.0531924 0.2905068 0.3694812 0.3046881 0.3047439 0.0467421 0.0000000 3.1491960 3.0880796 3.1237756 3.1449744 2.8946577 2.9733804 3.0474547 2.9682406 
C.mydas_INPP5F_phosphatidylinositide_phosphatase_SAC2_isoform_X2  8.6982174 7.0537980 6.0694124 6.1868944 6.2916839 6.2125014 6.0633138 6.0375092 6.2513295 6.2321248 6.7868898 6.2571316 5.9827603 5.7462557 5.6574376 5.6115092 5.7642729 5.6396498 3.5219740 3.4673561 3.3383409 3.2538154 3.4165276 3.3175401 3.4066428 3.2876816 3.2259609 3.1588571 3.3286051 3.5484577 3.4378989 3.4185224 3.1515337 3.1491960 0.0000000 0.1328398 0.2073093 0.2149758 0.4887228 0.5124799 0.4345696 0.4618867 
G.gallus_INPP5F_phosphatidylinositide_phosphatase_SAC2_isoform_X2 8.4064450 6.9076013 6.0164248 6.0532792 6.1366016 6.0856315 5.9469601 5.9065183 6.1212726 6.1245863 6.6410193 6.0451796 6.1269682 5.8901670 5.7975172 5.7671195 5.9741279 5.7246845 3.4084973 3.3190578 3.2073031 3.1356926 3.3139107 3.2346399 3.3203639 3.2178073 3.1275326 3.0771332 3.2436086 3.4426757 3.3867182 3.3633279 3.0651660 3.0880796 0.1328398 0.0000000 0.2199286 0.2253746 0.4817197 0.5050040 0.4244258 0.4766256 
F.catus_INPP5F_phosphatidylinositide_phosphatase_SAC2_isoform_X1  8.6121829 7.0362184 6.1903300 6.2135169 6.3261723 6.3523491 6.1876124 6.1022626 6.2114294 6.2792886 6.8994543 6.3667036 5.9283581 5.7543736 5.6891215 5.5763275 5.7879961 5.5909301 3.5678982 3.4762297 3.2991685 3.2824403 3.4608728 3.4095168 3.5110524 3.3959145 3.2887434 3.1372721 3.3616779 3.6102687 3.5046826 3.4848249 3.1373521 3.1237756 0.2073093 0.2199286 0.0000000 0.0685764 0.4996231 0.5158057 0.4498750 0.4950793 
H.sapiens_INPP5F_phosphatidylinositide_phosphatase_SAC2_isoform_1 8.8082148 7.1245171 6.1563630 6.1792053 6.2647025 6.2808469 6.1205739 6.0208196 6.1720346 6.2490972 6.8105939 6.2681701 5.9690485 5.6759895 5.6162903 5.5426355 5.7852056 5.6505503 3.6093803 3.4235478 3.2839008 3.2604073 3.4166726 3.4060772 3.4071381 3.3657807 3.2141259 3.1586046 3.3620490 3.5637273 3.4877506 3.4680019 3.1681581 3.1449744 0.2149758 0.2253746 0.0685764 0.0000000 0.4891495 0.5172205 0.4609676 0.4902476 
S.salar_inpp5f_phosphatidylinositide_phosphatase_SAC2             7.9389906 7.5351558 6.1265776 6.1897421 6.3523786 6.2742239 6.1820360 6.0718093 6.2814962 6.2870907 6.9878977 6.3674301 5.8686346 5.3429089 5.4014477 5.3923024 5.5498897 5.4031095 3.2475095 3.1145026 2.9978715 2.9929665 3.0957587 3.1132217 3.1816133 3.0932132 2.9995544 2.9203101 3.1043515 3.2918602 3.1800390 3.1704574 2.9213684 2.8946577 0.4887228 0.4817197 0.4996231 0.4891495 0.0000000 0.0773464 0.2362022 0.2339114 
S.salar_LOC106604534_phosphatidylinositide_phosphatase_SAC2like_i 8.2038054 7.4858744 6.1416369 6.1984747 6.3613384 6.2439101 6.1796192 6.0460342 6.2974203 6.2395272 7.0740240 6.3745560 5.8681915 5.4642339 5.4943627 5.4594406 5.7101631 5.5099512 3.3510337 3.1749770 3.0395221 3.0486359 3.1385452 3.2090214 3.2635595 3.1727105 3.0411020 2.9786307 3.1807218 3.3757005 3.2681244 3.2582306 2.9797041 2.9733804 0.5124799 0.5050040 0.5158057 0.5172205 0.0773464 0.0000000 0.2558763 0.2606897 
D.rerio_inpp5f_phosphatidylinositide_phosphatase_SAC2_isoform_X1  7.2814566 7.5625293 6.2668690 6.3358196 6.3485037 6.4788618 6.3135904 6.3040390 6.2969763 6.2774824 6.8335829 6.1282292 5.9953500 5.6874971 5.7141775 5.7029501 5.8414189 5.7608150 3.3556096 3.2484685 3.1085229 3.0744167 3.2332674 3.2139489 3.1774724 3.0885822 3.0430727 3.0507425 3.1736968 3.4588543 3.2917469 3.2817546 3.0588609 3.0474547 0.4345696 0.4244258 0.4498750 0.4609676 0.2362022 0.2558763 0.0000000 0.2445329 
G.aculeatus_inpp5f_phosphatidylinositide_phosphatase_SAC2_isoform 7.6654160 7.1290250 5.9519005 6.0184261 6.1056965 6.1180275 5.9094736 5.8935629 6.0670953 6.0442648 6.7271445 6.1439228 5.9813457 5.7046898 5.7301522 5.7002901 5.8372586 5.6797095 3.3008967 3.1685891 3.0370787 3.0156476 3.1571289 3.0878472 3.1509701 3.0583566 2.9690119 3.0209621 3.0694803 3.2022998 3.2099455 3.2002742 3.0232576 2.9682406 0.4618867 0.4766256 0.4950793 0.4902476 0.2339114 0.2606897 0.2445329 0.0000000 
